$ANSIBLE_VAULT;1.1;AES256
62626532333939396137356161313661623439333261636634616663633232626532343631663732
3563313235653061643165323965396132623961353737350a663362396433336163323030306264
31616662343965336261666531353464316538626630646231623763666662386662373964396236
3162646135633338350a353065343239366631306438646538623237363738326463663330343434
36643532303239623665633466363165393334626465623933626330343865386333386331373838
64306335373233653139613433323236663437343163623533626335323538653137623062636662
61336239343164633835323539373837323333623862303438393763333731323239363366383563
35333837323433346433373666626236623436623666306231396237613863386162663263633031
39643834323865306532616463323438353630663835663832663763653863373063393962636162
64343036643135396332396539353832633064306661643438633762313163333536633865353033
33346632393866363165373662303839333466623433343239653065316230623262636435646263
63313836326535646561333162613434643830316537353838313235313733393738643761623334
64366336633430323732373930333035316465623064336161306434303963626661306561343337
33313737323462383865353536333263636365363961373432323663356634336139386235646663
63386265373133333233373031633039643735363936626334646461386136393038393339306265
31633364643332313566343035353837306332303034633361386166666430366163326531303064
61306165336538383663663336626165663866613965303033393731386165383263316465303864
66383561383230373836646638653565303264376261336530333030393165326230346332363036
35633139333864636236376665343135323633353432346638653032313663366463343966356261
32656262346635356665653239346466323262336134313935656662343564323331663637363666
64343934626531326165316132313135306564656536393338393666613635303037343436353936
30626436393161396362366237643763383564316265613432303232323062616435333266356333
34373766376262613735326463623736666266363463383064633534663564316134363561376563
32643331386136346230353737393264653762366265613833393530656136366334343166373466
37393935623364366330383836616264373435313235393965633762336234616665323430626138
30626539313165656331656530653338346331616662666137633166656662303834316534303831
35626330363764656262316534373234316231353665326161336166626236316266653665376436
32356534303136393034313239666562346463626536666332343265353337326637656436636266
36323031643865613463623637303139383763616163313236613134626537323037366565396431
33646662666536323634306663393566376265373161646238336262366161353262623031336631
61353936396162623164353137623531326333303535333764346436386463323130626130643837
61363538656238366136623232393736653034306634643263366630363135666632396662373934
37343061656237646635353437333931336663633461623965633331306362376362323065346462
65663433376265366337363561393466323239646438653739316338386638643137313437336538
62396230393235306564613133663131643564623237373238316263346232383634363931343562
35613830656338303263313830393464356236396661326461653732383263393438613630383464
31313765363766343131336236373736666438663935663739646438353264663035663635353164
32373064653166663438643433373434306235646466626561393134323764643932346532666662
37616437376538663062636563663033363830373030633236626231303239396663666233386362
34396336373164343566376535313332373462323731313161393235373931396162313766633830
36646663366562363761353165383130623239666433366630383433616634613431383163613666
66313635616635316633313961663032316139396161393461353335633432353162386162613136
37646664643133653034363432626338376639323031623339656666323265653331326462356330
35613434396162323631383464316638643136343339353062346163633764303266303964376364
31386133316631346562316436626633333464376662303932616237336132633461663234343965
63336565316366376634653236373561343966383961636630313130633732613836343430353262
36393330326361303135346437633431323961333537363132326166306262326531343163313866
36353735643431613537323337343239383333343238623330396233613333653431303666303666
66346436316265343963643938643363663736646431336166616539666665646630393233663062
34623639376665636665616563333662623066383030346639396137663032616664623565363439
32643732393831613933343430376163363461333833663033306439323136373533663932646362
64333532626161646236346234373266383933643363623861383865623730346537363030306630
63386237646161623161623866316330303565396237343136393234666331356465663236656436
34303765643963646639613338323362396335376235353335306638356434353238303536663964
32643265373433653165393231326339353265326263376635623833353966323431306335626238
31343261663835393863656234646563333136393330313334613366373163326262643061383338
63396361316265626234653236393732396364313263356661366239666239633863353435326535
30383165646438363136636139326538333738663063333132646539663963653063306137366330
36393861373066356662316664393738383030366239653263383938386639643938343332616432
33643739633766646337353939303162316261303230346630613838363032303739393464623561
33313637323066376565353231353338383639363635623030396535373735626439656334633563
33646433313734343536643234633632396162333733383230666633343661623161346663623234
30626265626563396535656632373932313964396638376264373830643565343531373631333661
65663530616339653736653564313165636539626536376333623435323861396535613933666231
66366130363539643164363231616531313833396565633962616538313861306630346561393334
31393563623131623862333538666630306530343966386336303430333334316635373134623033
31636662336165303566623639663062326532336365646336633866663539326265346539346666
36396465353663303964363939383166336537326137656139323831656161333633363366646438
66616266363134353531653662643162316632653735646231313763303766343433643439386266
39633435353266383930636137636635343035663761366137636134656430303565636335623762
62643338313834366536326463626536323034333338303934333832656438306562326336363031
32306162336363376461666238633561623361363835623061623431386336363663336261653936
63633932356530376161656332633138306461326235366239633039373963353430363234353332
63646139383861643539336130393931613063346262626533356364336266326437633838346337
61306361653737393765393132316238383839626139396166636464663032613666373365373935
31396535346361653034393036343364653762663763366433653362353533616638613061363062
33363038343734346231643839316531313136353234396464653664613162613038653965336132
64346238663664623462646566356239383465396261333336393162333730306332323265333232
33663731333038633530306134393362633939313364386163346634333561613164336636663838
30396462326163366265353034616439333765396466386561643233323966366638353838373266
63636634363332373032316161646134336238316364326530623164383933616138326636663531
30656164356533333135303966303465373234393735386363613332373938626164333566623662
36323839626166303534396136326238303063343066666232633034353163613239613039653233
38623337343532643036643631653764313330363233366334653037353935303433333566313161
64376132623332393061323438336266363233363436336237643865336163663034623266386136
63323539316133373933323461306234396666373161656566373235663634376230633164616163
33643065313339306238343365346235306636376664386164363038386233663134666361333363
63383565326461333961383164613765663538626132633233623236306330346633313339383964
31373238656565313266376537316635623032343638383766613664333631376565306636653263
38323866313536336466373137333338316363336465393136313064616339313733313161313431
39656637336664613639386432383430313536326339306462643433366438666135383734643133
36383834383934353666633263303438383735343263623839373437343038656337353964653333
63373663353966633165643935323565323566363933303235336561356534356131386631636232
38663235633330353434663164303263316665363766646536383132303937333166393363343862
36623835393339353065386134653636356631626439643865306235326633326364316162636437
65313162356565663264643164383466653661653936636539613736623433653439333936396432
34323237303636303963303732646432373238663361353433316339643636343936353837303233
62303234663639646135306462333636356464333336633333653131393932356166353362373366
30616532353336316531666561363364373833333836323766633565383630333061636464303265
35393736386538653663633137393330653066363330386539633434656465333632636264323130
36616435303161376365643165646164393330643562396132373937386438346637313335333633
36333262646563613864343165613663343534663862623839356130646531313434643462366239
63323561623964333835316636626266313930316465386661636138646230623566326566613532
33376661633538346663623839343531633930616463623036646430303933663330326639616534
35666461643564646365346334396466346663303131626233343035643031653132623561386437
30346162626439353135353736653938616531376139353766313566633336326334303964646466
62633731306134336565393232336363636236373765663734613363373739346663363764313066
64383361393537613034373934396164373264306366353131376536313234313133613764393865
63343936336236613364656661623731663934366537343731653637663438343634633363313938
30346534353061626365323166656134353638353863306463363763353631306133623339663164
62306362343931323338343261646665326639303439643562363839316634646634373133326430
37356662626364366263633333646633396238623436613839363465363761666632396265613239
65343231626236323366376232303134663366633462363737333536326535306537316635613866
32363438616430366162343062343963303231633764646231376132376532643364366534313537
65666663366235313030623933653938303532363564303233663932663261363439636338656235
66633339663538303837643539343133363561306533323033653561303238653535643066656562
63643663383438396362386163653730346238306436613931333833623631323238353862343565
35363061613464353631383839623662656132633865373831326336326262393662626236613430
64623537373762623234383938343135383934386239646461323239356630316534666664313934
34653165373030316338393537366666626462633335326663353566303862393162656464326338
36353930646664656266633431363932623162343264363665326262363263303633363864373465
65666639303531626637623539616363376638643838353365343631353839626135643265373033
34653735653863333736623266663138616265373530653565663232373535383838373135353333
36653034343562646461323533626261363431376563653664353433626636323065366430393431
64626135323231303334646630356330333366343638336462636230633662636336386139613462
63666137383766393339363462386130613365363462313737343137316539316333663735666130
39346338626562326262613564613834336534303137623163616533646635626163343633383430
34666436636463333633643536643665326133616633343336653535323839353231306536646235
64303132353935303330316232336638636633306535373261353931646334336166346332623938
39383732663962633334666235623939356366303535343937623931366130343535373239646565
64386432373733653561313964616663643864343264636131353231616466323565646234306637
39363265393734373965393433356236353031613662326261636633323366656639663030396636
37636239646363626234373635623032346534396164643036666631653334353035643133336234
63616232386566666361353430653964383830316665373136316239613037623430663337653538
63663037363031303732623730383163346563303231353530323765363635303230613131666639
63393935313735303639646134303139633564643063666464346638633164613238306564313436
30383033653533353632626332613262313862383264306463363236613235306236326432656261
65363763633763663030636231386165386136323132636135366332623232373831343562613537
38386439356533663934343964343462356138353365306639393439333833326535336239643531
62633964343037353332643264393136393134386436623837616561353537656539633131656364
36323034636439303261373633343466333235346536333034643633346230653562333632383965
62326661636239336164363434303262653638383539323338343231303136646466383936613162
36346561353165353738343366653837353033613338643438343063353131393166643731323338
34613137653134623763366632653966613434313763643764666664326562346336363561653136
36303238646164343833356532613034393338306632633861313636386266313737636165626236
38633138636432393664353764353865306262623632343361383938366138356135643835326236
62376234373066666432636464613233623636353930356362363937323938653630323636393965
30343933626166313762333663336362353632616431343666323233326234383433643732323533
63656561303933323366623130613531616364663634306235656465396432396338666532636264
63393366323134636564363466653266356365653364623266633530313535383838336332323562
36623238613863333162616135386634356533376266613834663564653936363935366335656664
63653334336465633465353536383739343637366239393563393132383639373733636364303833
39646131306332666431386530333061636663363638646231396337663435363865376531396436
63313063316237303039376431336462393339636264623032373366373532646436623937643466
61616264646635373966666464663939643333343130386664323639316339666531393166626337
63666562626564383565393863653030613730333565653030393861396431343335643339313963
31323965303437303536333132353332363536383039346430363762626130323733323334653730
64646539373232383233653835363139353864643435636234613962333061656161353666643536
65653235663339393433323861383132396335643164346233623866623632386366316364643039
35326439646431303561306631323531653031383738646365636563336261386231356137326637
30353436363738636265326661636266656533666265656532333734353133613765613863633931
33383131383831313564623239353731613437333839396133663232306631383166373265343736
64633863326137616334383135666561306131366336396161313532346137393635303864663837
31613163343765383931623739653533613231326637656235373064313264323263373862656132
30326563363836663430633535633039626330326635353535383137613663396333386334356633
37636232373138626534373961343938343530373761643532313531636264636438306638623337
37313133326536653761333537383463363339363133313035633465626130633465643531643262
33633662346539643033643365393064363631313437613937353431646139653565303763313630
39313063313331636435303034643364343733323063376561383331333032373130323636343039
32656634303765653734386633373432353661356530306238373863316131623634653436623536
38366130613932643066383763636563663662326232376235326664346661356636323931383935
36313766383366666635326664653034663834366332383963383036326463343561333065303962
36656236323165306164323830666365663536613031613239633239316231303663363037646662
63643437656431386464623163383564363464306664393562633134313466396433633137386339
35636666633866306263623861333533313430336263313766386166633938366337393664353763
61373465393163653966
